************************************
*Bidder test instances (40 bidders)*
************************************

Each line of the file contains the following data:

		ID|SE|CO|WC|LO|PI

Where

		ID = ID of the bidder.
		SE = SEnsors possessed by the bidder.
		CO = COsts of bidder sensors.
		WC = Working Current of bidder sensors.
		LO = LOcation of the bidder.
		PI = Physical Information about the bidder [Velocity, Gauge of energy, Mass, Altitude, Battery Voltage, Battery Capacity, Peukert's Exponent, C-rate].

|ID       |SE             |CO             |WC                   |LO                      |PI                                                    |
-------------------------------------------------------------------------------------------------------------------------------------------------
|Bidder001|[1.0, 1.0, 1.0]|[5.0, 2.0, 6.0]|[10.00, 01.00, 04.00]|(015.00, 015.00, 000.00)|[030.00, 100.00, 300.00, 000.00, 4.5, 4.0, 1.3, 20.00]|
|Bidder002|[1.0, 1.0, 1.0]|[8.0, 4.0, 8.0]|[02.00, 04.00, 10.00]|(008.00, 003.00, 000.00)|[030.00, 100.00, 500.00, 000.00, 4.5, 4.0, 1.3, 20.00]|
|Bidder003|[1.0, 1.0, 1.0]|[4.0, 4.0, 6.0]|[10.00, 20.00, 10.00]|(005.00, 008.00, 000.00)|[040.00, 100.00, 200.00, 000.00, 4.5, 4.0, 1.3, 20.00]|
|Bidder004|[1.0, 1.0, 1.0]|[1.0, 6.0, 2.0]|[20.00, 04.00, 02.00]|(019.00, 009.00, 000.00)|[060.00, 100.00, 300.00, 000.00, 4.5, 4.0, 1.3, 20.00]|
|Bidder005|[1.0, 1.0, 1.0]|[3.0, 7.0, 4.0]|[01.00, 02.00, 02.00]|(015.00, 016.00, 000.00)|[030.00, 100.00, 300.00, 000.00, 4.5, 4.0, 1.3, 20.00]|
|Bidder006|[1.0, 1.0, 1.0]|[6.0, 1.0, 9.0]|[04.00, 04.00, 02.00]|(007.00, 007.00, 000.00)|[040.00, 100.00, 500.00, 000.00, 4.5, 4.0, 1.3, 20.00]|
|Bidder007|[1.0, 1.0, 1.0]|[9.0, 6.0, 3.0]|[20.00, 04.00, 01.00]|(008.00, 000.00, 000.00)|[060.00, 100.00, 200.00, 000.00, 4.5, 4.0, 1.3, 20.00]|
|Bidder008|[1.0, 1.0, 1.0]|[1.0, 3.0, 4.0]|[10.00, 20.00, 04.00]|(007.00, 002.00, 000.00)|[060.00, 100.00, 300.00, 000.00, 4.5, 4.0, 1.3, 20.00]|
|Bidder009|[1.0, 1.0, 1.0]|[3.0, 9.0, 1.0]|[10.00, 01.00, 20.00]|(009.00, 003.00, 000.00)|[060.00, 100.00, 400.00, 000.00, 4.5, 4.0, 1.3, 20.00]|
|Bidder010|[1.0, 1.0, 1.0]|[8.0, 9.0, 8.0]|[20.00, 10.00, 01.00]|(014.00, 001.00, 000.00)|[060.00, 100.00, 300.00, 000.00, 4.5, 4.0, 1.3, 20.00]|
|Bidder011|[1.0, 1.0, 1.0]|[1.0, 7.0, 9.0]|[04.00, 02.00, 01.00]|(005.00, 014.00, 000.00)|[060.00, 100.00, 200.00, 000.00, 4.5, 4.0, 1.3, 20.00]|
|Bidder012|[1.0, 1.0, 1.0]|[8.0, 1.0, 9.0]|[04.00, 10.00, 01.00]|(014.00, 003.00, 000.00)|[060.00, 100.00, 500.00, 000.00, 4.5, 4.0, 1.3, 20.00]|
|Bidder013|[1.0, 1.0, 1.0]|[2.0, 4.0, 4.0]|[20.00, 02.00, 04.00]|(014.00, 017.00, 000.00)|[030.00, 100.00, 500.00, 000.00, 4.5, 4.0, 1.3, 20.00]|
|Bidder014|[1.0, 1.0, 1.0]|[9.0, 1.0, 2.0]|[10.00, 04.00, 10.00]|(016.00, 007.00, 000.00)|[060.00, 100.00, 500.00, 000.00, 4.5, 4.0, 1.3, 20.00]|
|Bidder015|[1.0, 1.0, 1.0]|[4.0, 8.0, 1.0]|[04.00, 10.00, 04.00]|(017.00, 008.00, 000.00)|[050.00, 100.00, 300.00, 000.00, 4.5, 4.0, 1.3, 20.00]|
|Bidder016|[1.0, 1.0, 1.0]|[4.0, 6.0, 3.0]|[04.00, 10.00, 20.00]|(014.00, 013.00, 000.00)|[060.00, 100.00, 200.00, 000.00, 4.5, 4.0, 1.3, 20.00]|
|Bidder017|[1.0, 1.0, 1.0]|[1.0, 6.0, 5.0]|[20.00, 10.00, 20.00]|(000.00, 012.00, 000.00)|[040.00, 100.00, 400.00, 000.00, 4.5, 4.0, 1.3, 20.00]|
|Bidder018|[1.0, 1.0, 1.0]|[1.0, 1.0, 5.0]|[20.00, 04.00, 01.00]|(004.00, 018.00, 000.00)|[050.00, 100.00, 200.00, 000.00, 4.5, 4.0, 1.3, 20.00]|
|Bidder019|[1.0, 1.0, 1.0]|[5.0, 7.0, 3.0]|[02.00, 01.00, 20.00]|(001.00, 012.00, 000.00)|[050.00, 100.00, 300.00, 000.00, 4.5, 4.0, 1.3, 20.00]|
|Bidder020|[1.0, 1.0, 1.0]|[8.0, 4.0, 3.0]|[01.00, 10.00, 10.00]|(007.00, 001.00, 000.00)|[030.00, 100.00, 300.00, 000.00, 4.5, 4.0, 1.3, 20.00]|
|Bidder021|[1.0, 1.0, 1.0]|[5.0, 9.0, 4.0]|[02.00, 02.00, 01.00]|(016.00, 019.00, 000.00)|[040.00, 100.00, 300.00, 000.00, 4.5, 4.0, 1.3, 20.00]|
|Bidder022|[1.0, 1.0, 1.0]|[3.0, 4.0, 1.0]|[10.00, 04.00, 01.00]|(011.00, 008.00, 000.00)|[030.00, 100.00, 300.00, 000.00, 4.5, 4.0, 1.3, 20.00]|
|Bidder023|[1.0, 1.0, 1.0]|[5.0, 8.0, 3.0]|[02.00, 20.00, 02.00]|(006.00, 008.00, 000.00)|[050.00, 100.00, 300.00, 000.00, 4.5, 4.0, 1.3, 20.00]|
|Bidder024|[1.0, 1.0, 1.0]|[3.0, 2.0, 3.0]|[01.00, 04.00, 04.00]|(005.00, 017.00, 000.00)|[040.00, 100.00, 500.00, 000.00, 4.5, 4.0, 1.3, 20.00]|
|Bidder025|[1.0, 1.0, 1.0]|[6.0, 7.0, 1.0]|[02.00, 04.00, 02.00]|(019.00, 010.00, 000.00)|[060.00, 100.00, 300.00, 000.00, 4.5, 4.0, 1.3, 20.00]|
|Bidder026|[1.0, 1.0, 1.0]|[4.0, 2.0, 9.0]|[10.00, 01.00, 02.00]|(018.00, 001.00, 000.00)|[030.00, 100.00, 500.00, 000.00, 4.5, 4.0, 1.3, 20.00]|
|Bidder027|[1.0, 1.0, 1.0]|[3.0, 9.0, 1.0]|[20.00, 02.00, 04.00]|(008.00, 019.00, 000.00)|[040.00, 100.00, 300.00, 000.00, 4.5, 4.0, 1.3, 20.00]|
|Bidder028|[1.0, 1.0, 1.0]|[6.0, 8.0, 6.0]|[20.00, 10.00, 20.00]|(015.00, 014.00, 000.00)|[060.00, 100.00, 400.00, 000.00, 4.5, 4.0, 1.3, 20.00]|
|Bidder029|[1.0, 1.0, 1.0]|[2.0, 6.0, 9.0]|[10.00, 04.00, 01.00]|(017.00, 005.00, 000.00)|[040.00, 100.00, 200.00, 000.00, 4.5, 4.0, 1.3, 20.00]|
|Bidder030|[1.0, 1.0, 1.0]|[3.0, 8.0, 7.0]|[01.00, 02.00, 02.00]|(011.00, 002.00, 000.00)|[060.00, 100.00, 400.00, 000.00, 4.5, 4.0, 1.3, 20.00]|
|Bidder031|[1.0, 1.0, 1.0]|[5.0, 7.0, 9.0]|[02.00, 20.00, 02.00]|(008.00, 008.00, 000.00)|[060.00, 100.00, 300.00, 000.00, 4.5, 4.0, 1.3, 20.00]|
|Bidder032|[1.0, 1.0, 1.0]|[9.0, 8.0, 2.0]|[02.00, 01.00, 01.00]|(001.00, 014.00, 000.00)|[030.00, 100.00, 500.00, 000.00, 4.5, 4.0, 1.3, 20.00]|
|Bidder033|[1.0, 1.0, 1.0]|[9.0, 1.0, 5.0]|[02.00, 10.00, 20.00]|(007.00, 017.00, 000.00)|[060.00, 100.00, 500.00, 000.00, 4.5, 4.0, 1.3, 20.00]|
|Bidder034|[1.0, 1.0, 1.0]|[7.0, 3.0, 1.0]|[02.00, 04.00, 01.00]|(007.00, 018.00, 000.00)|[040.00, 100.00, 500.00, 000.00, 4.5, 4.0, 1.3, 20.00]|
|Bidder035|[1.0, 1.0, 1.0]|[3.0, 5.0, 4.0]|[02.00, 04.00, 02.00]|(006.00, 007.00, 000.00)|[030.00, 100.00, 500.00, 000.00, 4.5, 4.0, 1.3, 20.00]|
|Bidder036|[1.0, 1.0, 1.0]|[8.0, 1.0, 7.0]|[01.00, 20.00, 20.00]|(019.00, 001.00, 000.00)|[050.00, 100.00, 200.00, 000.00, 4.5, 4.0, 1.3, 20.00]|
|Bidder037|[1.0, 1.0, 1.0]|[3.0, 7.0, 8.0]|[20.00, 20.00, 10.00]|(003.00, 015.00, 000.00)|[030.00, 100.00, 300.00, 000.00, 4.5, 4.0, 1.3, 20.00]|
|Bidder038|[1.0, 1.0, 1.0]|[2.0, 2.0, 2.0]|[10.00, 02.00, 01.00]|(019.00, 004.00, 000.00)|[050.00, 100.00, 300.00, 000.00, 4.5, 4.0, 1.3, 20.00]|
|Bidder039|[1.0, 1.0, 1.0]|[4.0, 8.0, 1.0]|[04.00, 20.00, 04.00]|(012.00, 009.00, 000.00)|[050.00, 100.00, 400.00, 000.00, 4.5, 4.0, 1.3, 20.00]|
|Bidder040|[1.0, 1.0, 1.0]|[6.0, 7.0, 9.0]|[10.00, 01.00, 01.00]|(003.00, 003.00, 000.00)|[030.00, 100.00, 300.00, 000.00, 4.5, 4.0, 1.3, 20.00]|
SD = 0.0
